# Sample data for the code contributed by Angela Dini.
# Currently not used in the package.

# Sample code for getMinLag.R:
# id  time                  transmitter   receiver
# 1   2010/10/11 08:14:22   121           4
# 2   2010/10/11 08:15:22   151           2
# 3   2010/10/11 09:00:00   161           3
# 4   2010/10/11 10:23:55   151           2
# 5   2010/10/11 11:23:55   151           2
# 6   2010/10/11 11:24:55   161           2
# 7   2010/10/11 11:24:56   121           4
# 8   2010/10/11 11:52:44   151           2
# 9   2010/10/11 11:58:44   161           2
#10   2010/10/11 11:59:45   121           4
# To make this dataset:
id <- 1:10
time <- c("2010/10/11 08:14:22", "2010/10/11 08:15:22", "2010/10/11 09:00:00", "2010/10/11 10:23:55", "2010/10/11 11:23:55", "2010/10/11 11:24:55", "2010/10/11 11:24:56", "2010/10/11 11:52:44", "2010/10/11 11:58:44", "2010/10/11 11:59:45")
time <- as.POSIXct(time, tz="UCT")
trans <- c(121, 151, 161, 151, 151, 161, 121, 151, 161, 121)
rec <- c(4, 2, 3, 2, 2, 2, 4, 2, 2, 4)
minLagSample <- data.frame(id=id, time=time, transmitter=trans, receiver=rec)
# From this data sample, we can expect the following results:
# id  time                  transmitter   receiver    minLag
# 1   2010/10/11 08:14:22   121           4           11434
# 2   2010/10/11 08:15:22   151           2           7713
# 3   2010/10/11 09:00:00   161           3           NA
# 4   2010/10/11 10:23:55   151           2           3600
# 5   2010/10/11 11:23:55   151           2           1729
# 6   2010/10/11 11:24:55   161           2           2029
# 7   2010/10/11 11:24:56   121           4           2089
# 8   2010/10/11 11:52:44   151           2           1729
# 9   2010/10/11 11:58:44   161           2           2029
#10   2010/10/11 11:59:45   121           4           2089


# Sample code for falseDetectionFilter.R:
# id  time                  transmitter   receiver
# 1   2010/10/11 08:14:22   121           4
# 2   2010/10/11 08:15:22   151           2
# 3   2010/10/11 09:00:00   161           3
# 4   2010/10/11 10:23:55   151           2
# 5   2010/10/11 11:23:55   151           2
# 6   2010/10/11 11:24:55   161           2
# 7   2010/10/11 11:24:56   121           4
# 8   2010/10/11 11:52:44   151           2
# 9   2010/10/11 11:58:44   161           2
#10   2010/10/11 11:59:45   121           4
# To make this dataset:
id <- 1:10
time <- c("2010/10/11 08:14:22", "2010/10/11 08:15:22", "2010/10/11 09:00:00", "2010/10/11 10:23:55", "2010/10/11 11:23:55", "2010/10/11 11:24:55", "2010/10/11 11:24:56", "2010/10/11 11:52:44", "2010/10/11 11:58:44", "2010/10/11 11:59:45")
time <- as.POSIXct(time, tz="UCT")
trans <- c(121, 151, 161, 151, 151, 161, 121, 151, 161, 121)
rec <- c(4, 2, 3, 2, 2, 2, 4, 2, 2, 4)
sampleFD <- data.frame(id=id, time=time, transmitter=trans, receiver=rec)
# From this data sample and using tf = 3600 (as recommended), we can expect the following results:
# id  time                  transmitter   receiver    min_lag     passedFilter
# 1   2010/10/11 08:14:22   121           4           11434       0
# 2   2010/10/11 08:15:22   151           2           7713        0
# 3   2010/10/11 09:00:00   161           3           NA          0
# 4   2010/10/11 10:23:55   151           2           3600        1
# 5   2010/10/11 11:23:55   151           2           1729        1
# 6   2010/10/11 11:24:55   161           2           2029        1
# 7   2010/10/11 11:24:56   121           4           2089        1
# 8   2010/10/11 11:52:44   151           2           1729        1
# 9   2010/10/11 11:58:44   161           2           2029        1
#10   2010/10/11 11:59:45   121           4           2089        1


# Sample code for detectionEventFilter.R:
# location  animal  time                  latitude  longitude
# TTB       7       2010/10/11 11:11:11   43.392    -83.993
# OSC       7       2010/10/11 23:12:53   43.387    -83.987
# PRS       7       2010/10/12 14:23:12   41.571    -83.618
# OSC       7       2010/10/13 07:24:52   41.574    -83.607
# OSC       7       2010/10/13 13:17:13   41.576    -83.611
# TTB       7       2010/10/13 20:20:20   43.610    -83.887
# PRS       7       2010/10/14 17:43:22   43.612    -83.861
# PRS       7       2010/10/15 18:19:23   41.635    -83.531
# PRS       7       2010/10/16 10:56:56   41.644    -83.534
# PRS       7       2010/10/16 22:11:33   44.145    -83.466
#To make this dataset:
loc <- c("TTB", "OSC", "PRS", "OSC", "OSC", "TTB", "PRS", "PRS", "PRS", "PRS")
anId <- rep(x=7, times=10)
time <- c("2010/10/11 11:11:11", "2010/10/11 23:12:53", "2010/10/12 14:23:12", "2010/10/13 07:24:52", "2010/10/13 13:17:13", "2010/10/13 20:20:20", "2010/10/14 17:43:22", "2010/10/15 18:19:23", "2010/10/16 10:56:56", "2010/10/16 22:11:33")
time <- as.POSIXct(time, tz="UCT")
lat <- c(43.392, 43.387, 41.571, 41.574, 41.576, 43.610, 43.612, 41.635, 41.644, 44.145)
long <- c(-83.993, -83.987, -83.618, -83.607, -83.611, -83.887, -83.861, -83.531, -83.534, -83.466)
sampleDEF <- data.frame(location=loc, animal=anId, time=time, latitude=lat, longitude=long)
sampleDEF$locationDBP <- as.character(sampleDEF$location)
#From this data sample, we can expect the following results:
# Event   Individual  Location MeanLatiude  MeanLongitude   FirstDetection        LastDetection         NumDetections   ResTime_sec
# 1       7           TTB      43.392       -83.993         2010-10-11 11:11:11   2010-10-11 11:11:11   1               0
# 2       7           OSC      43.387       -83.987         2010-10-11 23:12:53   2010-10-11 23:12:53   1               0
# 3       7           PRS      41.571       -83.618         2010-10-12 14:23:12   2010-10-12 14:23:12   1               0
# 4       7           OSC      41.575       -83.609         2010-10-13 07:24:52   2010-10-13 13:17:13   2               21141
# 5       7           TTB      43.610       -83.887         2010-10-13 20:20:20   2010-10-13 20:20:20   1               0
# 6       7           PRS      42.759       -83.598         2010-10-14 17:43:22   2010-10-16 22:11:33   4               188891


# Sample code for velTestFunc.R:
# id  time                  transmitter   receiver  longitude   latitude
# 1   2010/10/10 10:52:07   111           11        -63.5949    44.6358 (Steele Ocean Science building)
# 2   2010/10/10 10:59:23   111           22        -63.5931    44.6362 (Henry Hicks building)
# 3   2010/10/10 11:03:26   111           33        -63.5912    44.6373 (Killam Library)
# 4   2010/10/10 11:06:15   111           44        -63.5890    44.6368 (Student Union Building)
# 5   2010/10/10 11:07:15   111           55        -63.5882    44.6371 (Kenneth Rowe building)
# 6   2010/10/10 11:09:10   111           66        -63.5873    44.6375 (Goldberg Computer Science building)
# 7   2010/10/10 11:11:11   111           77        -63.5885    44.6380 (Rebecca Cohn)
# 8   2010/10/10 11:16:16   111           33        -63.5912    44.6373 (Killam Library)
# 9   2010/10/10 11:19:27   111           44        -63.5890    44.6368 (Student Union Building)
# 10  2010/10/10 11:28:17   111           11        -63.5949    44.6358 (Steele Ocean Science building)
# To make this dataset:
id <- 1:10
d <- c("2010/10/10 10:52:07", "2010/10/10 10:59:23", "2010/10/10 11:03:26", "2010/10/10 11:06:15", "2010/10/10 11:07:15", "2010/10/10 11:09:10", "2010/10/10 11:11:11", "2010/10/10 11:16:16", "2010/10/10 11:19:27", "2010/10/10 11:28:17")
d <- as.POSIXct(d, tz="UCT")
tr <- c(111, 111, 111, 111, 111, 111, 111, 111, 111,111)
rec <- c(11, 22, 33, 44,55, 66, 77, 33, 44, 11)
lat <- c(44.6358, 44.6362, 44.6373, 44.6368, 44.6371, 44.6375, 44.6380, 44.6373, 44.6368, 44.6358)
long <- c(-63.5949, -63.5931, -63.5912, -63.5890, -63.5882, -63.5873, -63.5885, -63.5912, -63.5890, -63.5949)
